image: /home/user/catkin_ws/src/my_blitz/409.pgm
resolution: 0.050000
origin: [-4.470182, -2.379695, 0.000000]
negate: 0
occupied_thresh: 0.65
free_thresh: 0.196

